0.008494517029224486
0.006085159912806192
0.004935408877960052
0.0074058904636027465
0.005057087259212112
0.00479482113706187
0.006517736066306739
0.008841787105349459
0.006011990980548815
0.005166433660827595
0.007460897247810721
0.008010943364770014
0.007573667777065193
0.0067196405881324375
0.007132890289848781
0.008371770808806347
0.006628352177137535
0.004831151901984483
0.005947329382255597
0.006756658732084509
0.007368914116354453
0.008127946180252749
0.006646230253275365
0.008592893089067827
0.00867723756734014
0.007140243882527734
0.004565656201252621
0.007473373184342154
0.0074365088243586236
0.0075193135899133175
0.0047364644270298135
0.005370358941677834
0.005213114546014655
0.005192392748447257
0.006570752775207948
0.008269239305001404
0.00560642577011896
0.008253491294635259
0.00817500761687739
0.006624235421561382
0.005872062892561653
0.007746143461086742
0.006694217817561831
0.008510264879989174
0.005179520748756088
0.007119888576063088
0.007885029704618197
0.005101344917909615
0.005961378895455442
0.006107953765924376
0.005094922246534559
0.006821733547248661
0.006071365764327589
0.006652799865945901
0.0059629240170878456
0.008557574925584847
0.006743080637512629
0.007152369798046927
0.005075447239979331
0.00649702287205406
0.004555546005270205
0.004686637721474978
0.008163195481448044
0.008734232583268749
0.005651177795214445
0.004808135270419239
0.0051557515367259025
0.00877674429962297
0.004630990788096144
0.006295222001764467
0.008536143400533871
0.008256763142730427
0.008688027576508153
0.004685524699967786
0.005341645547991379
0.004548564125811889
0.007306531723484661
0.008398072870374638
0.005918882204535206
0.005797781353122994
0.005007959319906149
0.0076617838110546906
0.0058658541120093395
0.006980707794063924
0.007514401800793734
0.00675641711852271
0.005423292146322108
0.008305825377671933
0.007215142887253798
0.007744894014661052
0.008461234636403414
0.006968578992202995
0.007675268583580572
0.008670741032865003
0.007649392311952106
0.004723655690002828
0.007182446680934533
0.00571735815793583
0.004784372426204839
0.005051967631013914
0.005806972013033687
0.0058024197698043345
0.00871107811686924
0.008027775642372266
0.006344310642214917
0.008275959927538342
0.005555720919386675
0.006883370933315122
0.008571016065187223
0.004824681486889775
0.006227053935480325
0.004724077447671845
0.008432648080244706
0.00682542839029719
0.0059117735311564334
0.0076720406969612515
0.006004132719462798
0.007821748281018759
0.008035651871732144
0.005319711362644583
0.005622534771765945
0.0068147441503273445
0.008199039228279758
0.007143477798734603
0.006253940377010401
0.008259706530991832
0.00800208387465103
0.006424843133016678
0.0052029420419602325
0.006175095773145538
0.00759267477309987
0.006032633916421682
0.008612368584406564
0.004694152231288662
0.004932905174722311
0.008627714890511149
0.006417009061822703
0.004953124588660562
0.006688228314489144
0.008864110394632077
0.008199806926077614
0.005289761069464557
0.007559302459939865
0.005694991212287775
0.007545069611639511
0.005723963389979721
0.006594327426657837
0.006165730001144763
0.005898319489936967
0.004629981243628827
